sample	read_num	uniq_num	unmap	rRNA	spikein	univec	pri_miRNA	lncRNA	mRNA	piRNA	snoRNA	snRNA	srpRNA	tRNA	tucpRNA	Y_RNA	intron_for	intron_rev	promoter_for	promoter_rev	enhancer_for	enhancer_rev	repeats_for	repeats_rev	passQC	mir_dup_ratio	mir_rmdup_num	QCrankSum
SAMN03863387	5e+06	942818	0.1237728	0.2295506	3.34e-05	0.0044102	0.2162356	0.017532	0.0046438	0.2506526	0.0001848	0.003866	4.76e-05	0.1067442	0.0020298	0.0105834	0.0028208	0.0041284	0.0030488	0.0022428	0.0061468	0.0068132	0.0020634	0.002449	TRUE	0.998405442952039	1724	412
SAMN03863388	5e+06	1073992	0.108841	0.2645384	4e-05	0.0148326	0.326699	0.019023	0.007123	0.1573468	0.0002216	0.0075308	5.82e-05	0.04518	0.0029776	0.0098978	0.0037558	0.0059388	0.00427	0.0024542	0.0081808	0.0061672	0.0021696	0.0027538	TRUE	0.998699720537865	2124	489
SAMN03863389	5e+06	1133282	0.1626462	0.2048326	6.3e-05	0.0308608	0.3730482	0.0178238	0.008396	0.1056428	0.000212	0.0076918	5.04e-05	0.021972	0.0036178	0.0106696	0.0056008	0.0081268	0.0063018	0.0040634	0.012087	0.0094098	0.0034942	0.0033892	TRUE	0.998785143581982	2266	288
SAMN03863390	5e+06	1018136	0.1578234	0.2515056	0.0001018	0.0412112	0.253849	0.0183758	0.0101328	0.1486282	0.0002068	0.0042132	6.96e-05	0.0421156	0.0042248	0.0124452	0.0059172	0.0092272	0.0060856	0.004007	0.01253	0.0098512	0.0035602	0.0039186	TRUE	0.99844316897053	1976	673
SAMN03863391	5e+06	967725	0.0877962	0.2412662	2.18e-05	0.0106336	0.2257298	0.0191638	0.0039486	0.2561822	0.0001896	0.0038734	3.82e-05	0.118766	0.001572	0.0109712	0.0016456	0.002475	0.0020086	0.0015902	0.0037784	0.0055176	0.0012	0.001632	TRUE	0.998301509149434	1917	374
SAMN03863392	5e+06	858608	0.1109598	0.2235978	3.1e-05	0.0415684	0.1940132	0.024689	0.0046566	0.2502948	0.0001842	0.003303	3.72e-05	0.108374	0.001945	0.0110704	0.0024804	0.0039268	0.0027712	0.0021	0.0052188	0.0050098	0.0018678	0.0019008	TRUE	0.998147548723489	1797	565
SAMN03863393	5e+06	953621	0.1102516	0.16854	2.34e-05	0.015649	0.2337884	0.023366	0.0043072	0.2822412	0.0001328	0.0024872	3.6e-05	0.117967	0.0018326	0.012954	0.0027904	0.0041618	0.0027636	0.0020694	0.0054992	0.0049466	0.001993	0.0021996	TRUE	0.998424216085999	1842	310
SAMN03863394	5e+06	1054193	0.1093182	0.155212	3.14e-05	0.0125886	0.2958774	0.0251262	0.0044806	0.2569638	0.0001578	0.0034018	3.26e-05	0.093977	0.0019396	0.0140564	0.0030382	0.0044084	0.0030028	0.0020706	0.0057944	0.0043652	0.0021354	0.0020216	TRUE	0.998601447761809	2069	432
SAMN03863395	5e+06	968626	0.072313	0.1966132	1.48e-05	0.009856	0.2550402	0.0264618	0.0027582	0.298063	0.000216	0.0044744	3.26e-05	0.1079998	0.00115	0.013221	0.0010272	0.0016396	0.0011762	0.0010428	0.0022564	0.0024656	0.0009752	0.001203	TRUE	0.998464555783755	1958	616
SAMN03863396	5e+06	1118493	0.1050258	0.2310198	3.54e-05	0.0131618	0.3331684	0.0204738	0.0057196	0.1788314	0.000203	0.006762	5.02e-05	0.0625974	0.0024786	0.0118016	0.0029278	0.0045822	0.0033772	0.0020218	0.0066286	0.0049076	0.001916	0.00231	TRUE	0.998710561986071	2148	545
SAMN03863397	5e+06	1072563	0.1131014	0.230241	4.36e-05	0.0081542	0.3021932	0.0211768	0.006084	0.1883494	0.0002204	0.00686	5.02e-05	0.0777172	0.00269	0.009784	0.0036296	0.005418	0.0037748	0.0024986	0.0074968	0.0058592	0.0021968	0.0024608	TRUE	0.998606189682627	2106	591
SAMN03863398	5e+06	1150308	0.1328736	0.2263852	7.76e-05	0.021762	0.3654612	0.017783	0.0081984	0.12169	0.0002014	0.0044132	6.2e-05	0.0399568	0.0035746	0.0129424	0.0048346	0.0076242	0.005209	0.0031722	0.0103944	0.0072826	0.002993	0.0031086	TRUE	0.998828877046319	2140	567
SAMN03863399	5e+06	1120415	0.1192476	0.2430212	4.48e-05	0.0509434	0.3393966	0.0163616	0.0073474	0.1329714	0.0001782	0.004037	4.92e-05	0.0361856	0.0031316	0.0088104	0.0040302	0.0064768	0.004548	0.0026232	0.0091224	0.0063138	0.0023696	0.00279	TRUE	0.998792563036872	2049	520
SAMN03863400	5e+06	905927	0.1062944	0.1636124	2.5e-05	0.032614	0.210303	0.0275352	0.0036694	0.2735862	0.0001672	0.0028128	2.74e-05	0.1486188	0.0015082	0.0074932	0.0023108	0.0032934	0.0021738	0.0017152	0.0044576	0.0041962	0.0017524	0.0018334	TRUE	0.998244437787383	1846	397
SAMN03863401	5e+06	909784	0.13533	0.191747	2.94e-05	0.0078956	0.201298	0.0259706	0.0046048	0.2602588	0.0001412	0.0030282	3.68e-05	0.126723	0.0019722	0.0107782	0.0032432	0.0046502	0.0031322	0.0024048	0.0063742	0.0055928	0.0023854	0.0024034	TRUE	0.998143051595147	1869	598
SAMN03863402	5e+06	1080732	0.0956978	0.2000976	4.08e-05	0.0217654	0.2959684	0.0205902	0.0045696	0.2371428	0.0002334	0.0032882	3.26e-05	0.0784036	0.0019906	0.0159648	0.0024492	0.0038088	0.0027744	0.0019414	0.005245	0.0044298	0.0018074	0.0017582	TRUE	0.998497136856502	2224	364
SAMN03863403	5e+06	1068248	0.06997	0.1477948	9.6e-06	0.0009756	0.3162012	0.0218822	0.0017296	0.2761176	0.0001432	0.0023	2.06e-05	0.1411148	0.0008754	0.011637	0.0006768	0.0011292	0.0008242	0.0007996	0.001642	0.0023188	0.0009678	0.00087	TRUE	0.998857056835964	1807	635
SAMN03863404	3957444	803524	0.0932518565013175	0.184243163011277	2.42580817315419e-05	0.0114682608269378	0.287625295519027	0.0234032370388564	0.004467782740577	0.26466451578342	0.000164752805093389	0.00338374971319872	2.90591604075762e-05	0.0919229684614615	0.00197425408925559	0.00907808171132681	0.00248973832605086	0.0038600672555316	0.00276339981058481	0.00181506042789235	0.00522660585974179	0.00441800313535706	0.00183729700281293	0.00188859273814108	TRUE	0.998438846626565	1777	472
SAMN03863405	5e+06	1144014	0.1286882	0.3093868	7.48e-05	0.0323538	0.3374272	0.0171504	0.0114278	0.0714494	0.0002592	0.0089646	5.82e-05	0.0166594	0.0048686	0.0065016	0.0057816	0.009633	0.006923	0.0037216	0.0130502	0.0088908	0.003199	0.0035308	TRUE	0.998897539973067	1860	560
SAMN03863406	5e+06	996100	0.1700526	0.2098116	3.44e-05	0.0146196	0.2638716	0.0198486	0.006415	0.1785038	0.0001852	0.006048	4.56e-05	0.0729608	0.002792	0.010657	0.0046962	0.0066228	0.0050164	0.0032588	0.0095612	0.008813	0.0030684	0.0031174	TRUE	0.9984795635453	2006	531
SAMN03863407	5e+06	1097929	0.0805198	0.2452672	1.96e-05	0.0341014	0.361517	0.0156152	0.0048688	0.1714904	0.0002066	0.0040368	5.32e-05	0.051025	0.0021474	0.0095458	0.0016538	0.0030718	0.0023244	0.0014028	0.004338	0.004306	0.001098	0.001391	TRUE	0.998878614283699	2027	318
SAMN03863408	5e+06	927539	0.1129692	0.1785504	4.08e-05	0.0484158	0.2271418	0.0251854	0.0043406	0.2494298	0.0001576	0.0035172	2.88e-05	0.1136474	0.0019294	0.0085834	0.002633	0.0039256	0.0031368	0.0021814	0.0052988	0.0050992	0.0019568	0.0018308	TRUE	0.998424772542967	1789	398
SAMN03863409	5e+06	958048	0.107645	0.1702646	1.94e-05	0.009148	0.2384646	0.0269828	0.003645	0.2709532	0.0001356	0.0029596	2.9e-05	0.137339	0.0016144	0.0084044	0.0023562	0.0033502	0.002319	0.0018706	0.0045326	0.0044536	0.0017304	0.0017828	TRUE	0.99848363237143	1808	415
SAMN03863410	5e+06	982726	0.0943918	0.156103	1.94e-05	0.0187146	0.2547862	0.027456	0.0035824	0.2958574	0.0001386	0.0021518	2.94e-05	0.1152862	0.0016268	0.0093568	0.002113	0.0031442	0.0021718	0.0016522	0.0043122	0.0036338	0.0016452	0.0018272	TRUE	0.998532102602103	1870	648
SAMN03863411	5e+06	956365	0.1168952	0.2664744	2.88e-05	0.0050714	0.2301308	0.0183804	0.0051266	0.2056528	0.0001912	0.0059386	5.04e-05	0.100308	0.0023594	0.0151652	0.0026302	0.004083	0.0030668	0.00192	0.0061178	0.0063686	0.0018358	0.0022046	TRUE	0.998399171253913	1842	377
SAMN03863412	5e+06	944985	0.1741526	0.2085358	3.42e-05	0.0035492	0.2372804	0.0191134	0.0046818	0.206723	0.0001822	0.0053506	4.3e-05	0.0922706	0.002158	0.0112516	0.0033598	0.004645	0.0039376	0.0026036	0.0072156	0.007634	0.0025656	0.0027124	TRUE	0.998417062681958	1878	285
SAMN03863413	5e+06	1059781	0.119275	0.215174	3.14e-05	0.0124588	0.2957518	0.018756	0.0056072	0.1999606	0.0001794	0.0036928	4.56e-05	0.0842392	0.002484	0.0113116	0.0031828	0.0048698	0.0034596	0.0022342	0.0068466	0.0060334	0.0020406	0.0023656	TRUE	0.998655629483912	1988	346
SAMN03863414	5e+06	1066527	0.1518596	0.181181	2.98e-05	0.0203292	0.2695734	0.0173524	0.0050476	0.2184042	0.0001302	0.0027376	3.64e-05	0.08804	0.0021964	0.0094562	0.0033208	0.0048812	0.003802	0.0023774	0.0071564	0.007156	0.0023056	0.0026266	TRUE	0.998633396321744	1842	461
SAMN03863415	5e+06	931843	0.1032798	0.1737072	2.22e-05	0.0200376	0.2434126	0.0271428	0.0035126	0.2499424	0.0001548	0.0034312	2.4e-05	0.1463204	0.0014484	0.0082892	0.0020746	0.0030556	0.0019502	0.0015854	0.0039544	0.0036352	0.0014958	0.0015236	TRUE	0.998466800814748	1866	712
SAMN03863416	5e+06	999011	0.1066888	0.193181	2.5e-05	0.0098112	0.2476588	0.0257494	0.004115	0.2519066	0.0001728	0.0031106	3.12e-05	0.1201382	0.001777	0.0117114	0.002472	0.0037408	0.002496	0.0019636	0.0049628	0.004636	0.001793	0.0018588	TRUE	0.998317846973336	2083	293
SAMN03863417	5e+06	964239	0.1198954	0.2406342	3.72e-05	0.057299	0.248022	0.0186212	0.0051604	0.1854612	0.0001886	0.0058292	5e-05	0.0758808	0.002386	0.0102374	0.0028134	0.0045366	0.0033106	0.0020704	0.006636	0.0065506	0.0020222	0.0023576	TRUE	0.998532388255881	1820	437
SAMN03863418	5e+06	910098	0.172126	0.209101	2.3e-05	0.0237734	0.225861	0.0203198	0.0040866	0.198873	0.0001512	0.00502	3.86e-05	0.0944254	0.0018728	0.0137424	0.0029634	0.0041492	0.003303	0.0021206	0.0064052	0.0068182	0.002369	0.0024572	TRUE	0.998391931320591	1816	610
SAMN03863419	5e+06	936516	0.1170084	0.2390534	3.3e-05	0.0732242	0.2309552	0.01927	0.0053722	0.2007066	0.0001632	0.0034966	4.94e-05	0.0710648	0.0023652	0.0087596	0.0027144	0.0044288	0.0032044	0.0019206	0.0061618	0.0060932	0.0017954	0.0021596	TRUE	0.998410081262513	1836	389
SAMN03863420	5e+06	956232	0.089106	0.2744948	2.22e-05	0.009678	0.2670772	0.0169052	0.004945	0.209475	0.0002538	0.0042652	5.98e-05	0.0861998	0.0018374	0.0126742	0.0019138	0.0031922	0.0025078	0.0018788	0.004523	0.0059506	0.0013986	0.0016416	TRUE	0.998628112021543	1832	565
SAMN03863421	5e+06	850299	0.1143852	0.1729084	2.14e-05	0.0483922	0.1711086	0.029797	0.0035522	0.2791496	0.000132	0.002741	3.2e-05	0.1450602	0.0015676	0.0095042	0.0023118	0.0032946	0.0022466	0.0016506	0.0043498	0.004297	0.0017208	0.0017772	TRUE	0.997910099200157	1788	559
SAMN03863422	5e+06	850725	0.123204	0.215108	4.46e-05	0.0695324	0.1905926	0.0240872	0.005583	0.2211698	0.0001876	0.0035976	3.6e-05	0.1021882	0.0024202	0.010701	0.0032364	0.0051124	0.0035316	0.0024672	0.0068688	0.0058678	0.0022888	0.0021748	TRUE	0.998100660781164	1810	671
SAMN03863423	5e+06	891249	0.1016182	0.174477	1.98e-05	0.0265566	0.187568	0.0311318	0.0034512	0.3030734	0.0001522	0.0027284	3.04e-05	0.1354392	0.0014866	0.0126558	0.0020466	0.002921	0.0020432	0.0016154	0.0039716	0.0038516	0.0015628	0.0015992	TRUE	0.998057237908385	1822	355
SAMN03863424	5e+06	969888	0.0745074	0.1656166	1.2e-05	0.0232518	0.2610228	0.0282098	0.0021386	0.2826842	0.0001538	0.0027322	2.48e-05	0.1188354	0.0010334	0.0293944	0.0008814	0.0013858	0.001109	0.000832	0.0019372	0.0023998	0.0009236	0.000914	TRUE	0.998487488449285	1974	701
SAMN03863425	5e+06	992806	0.1162496	0.2031196	2.96e-05	0.037588	0.2382224	0.0210596	0.0036516	0.2368028	0.000174	0.0046712	4.28e-05	0.1017746	0.0016788	0.0112788	0.0023048	0.0033572	0.0024192	0.0016056	0.0048732	0.0051874	0.001677	0.0022322	TRUE	0.998415766107637	1887	585
SAMN03863426	5e+06	985979	0.1837838	0.1825396	6.3e-05	0.0114128	0.262357	0.020742	0.0055128	0.190247	0.0001986	0.0057634	4.38e-05	0.0714656	0.002599	0.0208474	0.0044178	0.0059558	0.0047438	0.0031644	0.0091554	0.0082878	0.0033498	0.0033494	TRUE	0.998406751106317	2090	675
SAMN03863427	5e+06	1386316	0.0679274	0.1594254	1.2e-05	0.0166816	0.4184362	0.016438	0.001978	0.1945322	0.0001496	0.001854	2.4e-05	0.0692342	0.0009186	0.0420784	0.0008298	0.0012106	0.0012858	0.0006454	0.0018692	0.0026916	0.0006716	0.0011064	TRUE	0.998840444493091	2426	615
SAMN03863428	5e+06	981917	0.08804	0.2167708	1.94e-05	0.0132574	0.2954852	0.0145278	0.003222	0.2382002	0.0001628	0.0037234	4.28e-05	0.096708	0.0014696	0.0143274	0.0011898	0.0019714	0.0016618	0.0009492	0.0031446	0.0031432	0.000909	0.0010742	TRUE	0.998785049132748	1795	604
SAMN03863429	5e+06	839072	0.1068428	0.1725688	1.96e-05	0.0928278	0.1612132	0.0283288	0.0033348	0.2718442	0.0001284	0.0025762	3e-05	0.1315892	0.0014216	0.0070076	0.0021086	0.0030366	0.0020556	0.0015822	0.0039164	0.0042472	0.0015526	0.0017678	TRUE	0.997878585624502	1710	547
SAMN03863430	5e+06	905131	0.1146694	0.171584	3.14e-05	0.013372	0.2140418	0.0267066	0.003923	0.2589204	0.0001966	0.0027712	3.36e-05	0.133528	0.0017322	0.032911	0.0027532	0.0038004	0.0027708	0.0020968	0.0052608	0.0048072	0.0020316	0.002058	TRUE	0.998211564283238	1914	453
SAMN03863431	5e+06	909387	0.102078	0.1844864	1.96e-05	0.0206074	0.204937	0.0287602	0.0033534	0.2926834	0.0001656	0.0028058	2.72e-05	0.12811	0.0015344	0.0109512	0.0019398	0.0029194	0.0020886	0.0015334	0.0040244	0.0038488	0.0015974	0.0015286	TRUE	0.998247266233038	1796	663
SAMN03863432	5e+06	911816	0.104641	0.1364566	4.3e-05	0.0014154	0.22572	0.0278144	0.0015022	0.3052118	0.0001238	0.0021702	2.18e-05	0.1573318	0.0008512	0.023	0.0012562	0.001414	0.0011078	0.0011452	0.0025522	0.0033406	0.001419	0.0014618	TRUE	0.998411306042885	1793	371
SAMN03863433	5e+06	1025167	0.1273496	0.1713868	2.86e-05	0.034478	0.2667216	0.0190134	0.004127	0.234281	0.0002102	0.004306	4.08e-05	0.0923936	0.0021462	0.0155084	0.0028328	0.0040164	0.0030688	0.0018384	0.0060742	0.005459	0.002124	0.0025952	TRUE	0.998528053221036	1963	369
SAMN03863434	5e+06	974141	0.1317134	0.2153186	4.2e-05	0.0200222	0.2552236	0.0211874	0.0056086	0.2020654	0.0001824	0.00568	5.42e-05	0.085261	0.0026032	0.01964	0.0037588	0.0055186	0.003892	0.0024968	0.0078538	0.0066094	0.0025102	0.0027584	TRUE	0.998450770226578	1977	698
SAMN03863435	5e+06	1063970	0.1707766	0.158273	4.04e-05	0.0364134	0.2826454	0.0182888	0.005383	0.175579	0.0001328	0.0028446	3.88e-05	0.0865924	0.0025934	0.0233292	0.0038716	0.0056816	0.0040226	0.002471	0.0083318	0.0068348	0.002819	0.0030368	TRUE	0.998535974758478	2069	507
SAMN03863436	5e+06	1045002	0.1257658	0.1997522	4.1e-05	0.031015	0.2689258	0.0194652	0.0056504	0.2229688	0.0001532	0.0034092	5.78e-05	0.0709302	0.0024854	0.0164422	0.003386	0.0051546	0.0036128	0.002226	0.0072228	0.0062624	0.0022278	0.0028454	TRUE	0.99850590757748	2009	432
SAMN03863437	5e+06	866954	0.113515	0.1749336	2.38e-05	0.0563356	0.1856222	0.0283062	0.003834	0.2645482	0.0001474	0.0029594	3.34e-05	0.1377816	0.0016052	0.0074064	0.0025002	0.0035802	0.002359	0.0016748	0.0047276	0.0044204	0.00181	0.0018758	TRUE	0.998063809177997	1797	614
SAMN03863438	5e+06	864430	0.1164886	0.1800532	1.92e-05	0.0184358	0.1849358	0.0292396	0.003322	0.2777438	0.0001348	0.002913	3.22e-05	0.1494866	0.0014398	0.0150244	0.0021082	0.0030942	0.0021194	0.0016468	0.0041438	0.0042358	0.0016884	0.0016946	TRUE	0.99802093483252	1830	496
SAMN03863439	5e+06	924634	0.1116596	0.1569426	1.72e-05	0.007677	0.2251932	0.02853	0.0021692	0.2989238	0.0001318	0.0022884	2.62e-05	0.1394982	0.0012082	0.0091438	0.0015672	0.0020866	0.0015466	0.0013896	0.0032106	0.0038094	0.0015014	0.0014794	TRUE	0.998483968432439	1707	674
SAMN03863440	5e+06	929227	0.1153144	0.1690722	2.02e-05	0.0093444	0.2184356	0.0283868	0.0038588	0.2813998	0.0001386	0.0026686	2.74e-05	0.132525	0.0017406	0.0128912	0.0025456	0.0037056	0.0026054	0.0019384	0.0051838	0.0043488	0.0019482	0.0019006	TRUE	0.998323533343466	1831	362
SAMN03863441	5e+06	959299	0.1305416	0.2200336	2.82e-05	0.015251	0.2420492	0.018181	0.0041298	0.2133796	0.0001578	0.0050064	5.34e-05	0.1085512	0.001822	0.0143272	0.0023922	0.0035526	0.0025574	0.0018492	0.0053506	0.0058354	0.002645	0.0023056	TRUE	0.998436681468065	1892	519
SAMN03863442	5e+06	781361	0.185158	0.2013616	3.18e-05	0.0618672	0.1788078	0.0168666	0.0031822	0.207959	0.0001416	0.0043574	3.94e-05	0.099466	0.001444	0.0134386	0.0021614	0.0029874	0.0024612	0.0018784	0.0048924	0.006248	0.0029162	0.0023338	TRUE	0.998171220718559	1635	620
SAMN03863443	5e+06	1023656	0.1350452	0.2395816	4.58e-05	0.0158284	0.2455498	0.0191878	0.0061574	0.198768	0.0001796	0.0037786	6.8e-05	0.085683	0.0026904	0.0115554	0.0035112	0.0054934	0.003701	0.0024766	0.0076304	0.0071672	0.0031594	0.0027418	TRUE	0.998426388455621	1932	450
SAMN03863444	5e+06	967388	0.1054144	0.2527244	2.76e-05	0.0205062	0.2830912	0.0161738	0.0051354	0.2043184	0.0002158	0.0044438	6.06e-05	0.0702978	0.0020696	0.0140862	0.0017368	0.0030302	0.0024046	0.0015336	0.0046274	0.0041376	0.0024766	0.001488	TRUE	0.998634362353899	1933	673
SAMN03863445	5e+06	892660	0.1215386	0.184909	2.22e-05	0.0048042	0.1832284	0.0302594	0.0035076	0.2808898	0.0001512	0.0031776	4.18e-05	0.151731	0.0015106	0.0115538	0.0021592	0.0031962	0.0021506	0.0017476	0.0043028	0.0043146	0.0029608	0.001843	TRUE	0.998065802026323	1772	505
SAMN03863446	5e+06	987045	0.1524944	0.1801398	5.56e-05	0.012243	0.2030364	0.0254182	0.0072784	0.227871	0.0001492	0.0028234	5e-05	0.114244	0.0031812	0.023043	0.0052344	0.0075684	0.0053492	0.0036184	0.0103028	0.0077336	0.0047328	0.0034328	TRUE	0.998061431349256	1968	597
SAMN03863447	5e+06	955066	0.1176192	0.2011264	4.92e-05	0.0046594	0.236815	0.0228568	0.0044634	0.261902	0.0001996	0.0027742	3.48e-05	0.1039012	0.0020248	0.0138396	0.0026204	0.0037682	0.0029014	0.0021844	0.0055274	0.005091	0.003588	0.0020536	TRUE	0.998237442729557	2087	455
SAMN03863448	5e+06	975682	0.092943	0.1777846	1.36e-05	0.0098846	0.2617156	0.026364	0.0026452	0.2895472	0.0001562	0.0031338	3.74e-05	0.1087754	0.001221	0.0119438	0.0009964	0.0017128	0.0013038	0.0010098	0.0024442	0.0026658	0.0024312	0.0012706	TRUE	0.998529701706738	1924	155
SAMN03863449	5e+06	943189	0.1287246	0.2937634	6.38e-05	0.0788268	0.2437302	0.0168564	0.0080498	0.1207938	0.0002634	0.0068826	7.1e-05	0.0480856	0.0033682	0.0085468	0.0040964	0.006714	0.0049038	0.0029806	0.0093856	0.0081854	0.0028462	0.0028616	TRUE	0.998387561328059	1965	577
SAMN03863450	5e+06	985961	0.2019768	0.2014304	6.6e-05	0.0040064	0.2488534	0.0187478	0.00669	0.1686654	0.0002036	0.006078	5.72e-05	0.0701644	0.0028776	0.0216536	0.0049906	0.0067878	0.0053102	0.0035466	0.0103672	0.0095162	0.004493	0.0035178	TRUE	0.998345210473315	2059	379
SAMN03863451	5e+06	1003061	0.103309	0.2035722	1.98e-05	0.0089268	0.2502044	0.0177158	0.00303	0.257796	0.0001562	0.0029506	4.42e-05	0.1181492	0.0013074	0.014797	0.001268	0.002076	0.001543	0.0011904	0.003063	0.0050262	0.0020842	0.0017706	TRUE	0.998541992067286	1824	503
SAMN03863452	5e+06	992482	0.1101922	0.2319732	4.06e-05	0.0303972	0.282365	0.016034	0.00522	0.211803	0.0002604	0.0043656	6.46e-05	0.0647794	0.002253	0.0143852	0.0023142	0.0034276	0.0027754	0.0018084	0.0055782	0.0050764	0.0030356	0.0018508	TRUE	0.998594726683548	1984	503
SAMN03863453	5e+06	932395	0.1208328	0.1938514	2.74e-05	0.007016	0.1894056	0.0268914	0.0038592	0.2913468	0.0001696	0.0029802	4.46e-05	0.1294024	0.0016196	0.0088928	0.0021454	0.0033608	0.0022852	0.0017072	0.0044696	0.0044816	0.0032048	0.0020056	TRUE	0.99808136612645	1817	222
SAMN03863454	5e+06	887692	0.1382406	0.2339762	3.72e-05	0.033591	0.210809	0.0219776	0.0055222	0.2126562	0.0001828	0.0036858	4e-05	0.095603	0.002374	0.0085998	0.0031506	0.004964	0.0035086	0.0025438	0.006825	0.005804	0.0035952	0.0023134	TRUE	0.998265728692798	1828	418
SAMN03863455	5e+06	939695	0.1248802	0.1445786	1.8e-05	0.0059464	0.2249888	0.0282672	0.0027446	0.2886966	0.0001454	0.0022206	2.8e-05	0.1472848	0.0013246	0.0081566	0.0018104	0.0025982	0.0018224	0.0015966	0.0038652	0.0037252	0.0036104	0.0016912	TRUE	0.998455923139285	1737	359
SAMN03863456	5e+06	994091	0.118027	0.1600334	3.98e-05	0.0056458	0.2755386	0.0253344	0.0041546	0.2642506	0.0001512	0.0034006	3.72e-05	0.1042604	0.0017872	0.013064	0.0023306	0.0035116	0.0025274	0.0018578	0.004876	0.0041148	0.003238	0.001819	TRUE	0.998537410003535	2015	591
SAMN03863457	5e+06	955475	0.1314634	0.2114148	3.76e-05	0.0673654	0.2458926	0.0171222	0.004202	0.1850562	0.000178	0.0050936	4.88e-05	0.0925776	0.0020154	0.011035	0.00249	0.0036638	0.0026612	0.0018082	0.0055706	0.0055846	0.002397	0.002322	TRUE	0.99845949003752	1894	412
SAMN03863458	5e+06	981871	0.1280756	0.219621	3.46e-05	0.0409226	0.2723276	0.0177562	0.0054598	0.1783516	0.0001852	0.0059594	4.96e-05	0.0771686	0.0025186	0.0196426	0.0029664	0.0046006	0.0038028	0.002242	0.006848	0.0060836	0.0028784	0.0025052	TRUE	0.998562760439999	1957	579
SAMN03863459	5e+06	1015757	0.139404	0.2031078	3.64e-05	0.0411298	0.2581782	0.0202008	0.0057162	0.2030104	0.0001622	0.0034612	5.1e-05	0.08074	0.0024544	0.0091718	0.003322	0.0051306	0.003474	0.0022338	0.007136	0.0060162	0.0031802	0.002683	TRUE	0.998466950346699	1979	641
SAMN03863460	5e+06	1032912	0.1577136	0.1798466	3.42e-05	0.0024998	0.233669	0.0172238	0.0054496	0.216838	0.000182	0.0023414	5.34e-05	0.1285724	0.0022014	0.0157804	0.0035914	0.0056434	0.0037512	0.0026794	0.0075354	0.0072254	0.0038122	0.003356	TRUE	0.998353226144675	1924	651
SAMN03863461	5e+06	906686	0.1368624	0.166688	2.84e-05	0.0425314	0.2025966	0.027026	0.0042748	0.240184	0.0001324	0.0029308	3.6e-05	0.137169	0.001812	0.0100464	0.0028836	0.004169	0.0026956	0.0020148	0.0056058	0.004844	0.003334	0.002135	TRUE	0.998156928596038	1867	452
SAMN03863462	5e+06	928038	0.1404544	0.1611184	3.04e-05	0.0082494	0.2307894	0.0252112	0.0027888	0.2581558	0.0002764	0.0027886	3.52e-05	0.135459	0.0012748	0.0113478	0.0020092	0.0027136	0.0019838	0.0018268	0.0041334	0.0042436	0.003208	0.001902	TRUE	0.998385541103708	1863	461
SAMN03863463	5e+06	966117	0.1277084	0.174238	2.58e-05	0.0180604	0.239297	0.0254808	0.0039418	0.2616424	0.0001582	0.0028454	3.54e-05	0.1102864	0.001803	0.0094162	0.002366	0.0035516	0.0025084	0.001842	0.0050718	0.0042894	0.0034902	0.0019414	TRUE	0.998417865664843	1893	588
SAMN03863464	5e+06	893110	0.1283262	0.232912	3.58e-05	0.004294	0.2127242	0.023888	0.0044734	0.236264	0.000189	0.0032826	3.98e-05	0.1127778	0.0021164	0.0117614	0.0023934	0.0036788	0.002731	0.0024242	0.0055136	0.004994	0.0033136	0.0018668	TRUE	0.998278522142756	1831	552
SAMN03863465	5e+06	1101589	0.1163764	0.255896	5.08e-05	0.0056096	0.3132712	0.0200612	0.0070616	0.1719252	0.0002062	0.0073004	6.08e-05	0.0514306	0.0028832	0.0109976	0.0038328	0.0062854	0.004233	0.0025564	0.0084182	0.0063912	0.0023554	0.0027968	TRUE	0.998623556841484	2156	523
SAMN03863466	5e+06	1027870	0.1616432	0.2192116	4.6e-05	0.0077486	0.2904916	0.0189852	0.006564	0.1740976	0.0002488	0.0065526	5.24e-05	0.0569036	0.002784	0.0116556	0.0042276	0.0061818	0.0051728	0.0031824	0.0096224	0.008614	0.0029602	0.003054	TRUE	0.998556929012749	2096	448
SAMN03863467	5e+06	1060343	0.118651	0.2079456	2.92e-05	0.0102528	0.2731154	0.0201268	0.0042496	0.219199	0.0001754	0.003375	4.44e-05	0.1030486	0.0019134	0.0114038	0.0026652	0.003876	0.0026782	0.0019318	0.0057	0.0054036	0.0019174	0.0022978	TRUE	0.998579355100445	1940	399
SAMN03863468	5e+06	1040254	0.0847818	0.236457	2.54e-05	0.0190726	0.3227856	0.0163704	0.0039482	0.2014182	0.0002036	0.0040014	4.92e-05	0.0780962	0.0017126	0.0144374	0.0014346	0.0023976	0.0020204	0.0012248	0.003817	0.0034188	0.0010598	0.0012674	TRUE	0.998771320653709	1983	434
SAMN03863469	5e+06	842347	0.1126738	0.158283	2.12e-05	0.0468486	0.1977592	0.0258652	0.0030448	0.277631	0.0001212	0.0023854	2.94e-05	0.1431408	0.001311	0.0117648	0.0019154	0.0027934	0.001893	0.0017206	0.0039026	0.0037342	0.0016192	0.0015422	TRUE	0.998255454107824	1725	664
SAMN03863470	5e+06	1129418	0.10842	0.1547516	1.84e-05	0.0203148	0.3108986	0.022462	0.0030902	0.2306134	0.0001388	0.0024672	3.06e-05	0.1183574	0.0013834	0.008064	0.0019496	0.0028844	0.0019804	0.0016192	0.0040966	0.0033596	0.0016108	0.001489	TRUE	0.998736565555458	1964	681
SAMN03863471	5e+06	897439	0.113381	0.199322	2.68e-05	0.0363624	0.199591	0.024775	0.0040834	0.2852654	0.0001578	0.0025814	2.98e-05	0.1003526	0.0018368	0.0079768	0.0024268	0.0037492	0.0025898	0.0018754	0.0051838	0.0045424	0.00193	0.0019604	TRUE	0.998272467195415	1724	462
SAMN03863472	5e+06	877203	0.0781976	0.1796738	2.4e-05	0.0237838	0.2306394	0.023196	0.0025494	0.3222424	0.0001536	0.0027188	2.62e-05	0.1131978	0.001267	0.009174	0.0010566	0.0015834	0.0012696	0.001304	0.002578	0.0032858	0.0010172	0.0010616	TRUE	0.998500689821427	1729	586
SAMN03863473	5e+06	1058661	0.114736	0.254593	5.4e-05	0.0101694	0.2747514	0.0205112	0.0063548	0.1856078	0.000244	0.0068114	6.48e-05	0.0796316	0.0027434	0.0103644	0.0034652	0.005249	0.003809	0.0024266	0.0075028	0.0061796	0.0022386	0.002492	TRUE	0.998504102253892	2055	715
SAMN03863474	5e+06	1057832	0.1271516	0.2164858	4.78e-05	0.0019652	0.2937328	0.0198026	0.0052938	0.2024306	0.0001964	0.0060042	4.74e-05	0.0783442	0.0024452	0.0128676	0.003334	0.0050198	0.003507	0.0023898	0.0074128	0.0063894	0.0023806	0.0027514	TRUE	0.99866136842736	1966	507
SAMN03863475	5e+06	1039049	0.1266744	0.2298724	3.64e-05	0.021628	0.2652478	0.0199524	0.0060682	0.1951698	0.0001758	0.0039916	4.78e-05	0.0799952	0.0026056	0.0137018	0.0036816	0.0056474	0.0038096	0.0024062	0.0078428	0.006354	0.002346	0.0027452	TRUE	0.998509318456176	1977	531
SAMN03863476	5e+06	1037597	0.1293982	0.187775	2.62e-05	0.0017082	0.2462976	0.0156498	0.0043046	0.2304886	0.0001858	0.002308	3.96e-05	0.1398398	0.0017342	0.0113298	0.0027516	0.0040952	0.0029118	0.002143	0.005783	0.006162	0.002028	0.00304	TRUE	0.998488008003326	1862	281
SAMN03863477	5e+06	902057	0.1112814	0.1625356	2.7e-05	0.0502932	0.188685	0.0276966	0.0035746	0.2828712	0.000155	0.0026082	2.92e-05	0.1351872	0.0015028	0.011707	0.002274	0.003255	0.0021426	0.0017038	0.0044388	0.0042486	0.0017626	0.0020206	TRUE	0.998045419614702	1844	453
SAMN03863478	5e+06	930493	0.1134014	0.2078628	2.52e-05	0.0142828	0.2256784	0.0249668	0.0040968	0.264996	0.0001706	0.003438	3.58e-05	0.1067272	0.0017922	0.0091464	0.002333	0.0036268	0.0024914	0.001835	0.0049394	0.0044716	0.001819	0.0018634	TRUE	0.998384426688598	1823	366
SAMN03863479	5e+06	957920	0.1041836	0.152648	1.54e-05	0.0104676	0.2420814	0.0269	0.0023828	0.2885164	0.0002042	0.0024666	2.1e-05	0.1398102	0.001146	0.012689	0.0015762	0.0021448	0.0015994	0.0015226	0.0033292	0.0034684	0.0014376	0.0013896	TRUE	0.998454238946074	1871	513
SAMN03863480	5e+06	993544	0.0987814	0.1893492	1.9e-05	0.0093814	0.262	0.026016	0.0031844	0.2644308	0.0001578	0.003244	3.48e-05	0.1109472	0.0015674	0.012202	0.001788	0.0026622	0.0020148	0.0015416	0.0040474	0.0035646	0.001559	0.001507	TRUE	0.99856641221374	1878	336
SAMN03863481	5e+06	1093337	0.1196148	0.2495714	3.66e-05	0.0058088	0.3374178	0.0180454	0.0065234	0.157244	0.0002098	0.0062776	5.76e-05	0.050627	0.0029106	0.0100176	0.0035796	0.0057226	0.0040988	0.0024314	0.0081008	0.0066776	0.0022844	0.0027424	TRUE	0.998784889238209	2050	598
SAMN03863482	5e+06	966296	0.2433478	0.210406	5.46e-05	0.0229016	0.2276466	0.0184888	0.009762	0.125873	0.0002408	0.0057968	4.68e-05	0.0541148	0.0040492	0.0132376	0.0067066	0.0095634	0.0079562	0.00475	0.0142758	0.0124012	0.004429	0.0039514	TRUE	0.998303510792606	1931	621
SAMN03863483	5e+06	1075388	0.0903064	0.2208286	1.9e-05	0.0354884	0.352149	0.0166604	0.0042586	0.1799324	0.0001736	0.0035878	4.7e-05	0.0655888	0.0018606	0.0096092	0.00157	0.0027328	0.0020452	0.0013708	0.0039886	0.0051256	0.0011202	0.001537	TRUE	0.998871500416017	1987	686
SAMN03863484	5e+06	966879	0.1321522	0.1767246	2.68e-05	0.00275	0.2700532	0.0166472	0.0048364	0.2262834	0.000163	0.0026944	3.5e-05	0.1228834	0.001937	0.0121892	0.0030944	0.0046316	0.003255	0.0024296	0.0062354	0.0063182	0.0021126	0.0025474	TRUE	0.998635083753868	1843	414
SAMN03863485	5e+06	906897	0.117438	0.1598978	2.18e-05	0.0431654	0.1941304	0.0241784	0.0031098	0.2927896	0.0001408	0.0023418	3.22e-05	0.1268492	0.0014244	0.0129724	0.0019964	0.0028638	0.0021696	0.0017886	0.0041124	0.0049382	0.0016524	0.0019866	TRUE	0.998159999670325	1786	365
SAMN03863486	5e+06	886479	0.1107678	0.1861778	2.42e-05	0.011801	0.2131584	0.0245532	0.0037984	0.2881874	0.000141	0.0028244	3.06e-05	0.1254234	0.0015674	0.0089378	0.0022302	0.003411	0.0023516	0.0018786	0.0047208	0.0044462	0.0017664	0.0018024	TRUE	0.998339263195821	1770	428
SAMN03863487	5e+06	909755	0.101102	0.1640542	2.08e-05	0.0134546	0.2118804	0.02624	0.0031712	0.3205028	0.0001526	0.0022248	2.7e-05	0.1284076	0.0014474	0.008193	0.0018194	0.002759	0.001962	0.0015966	0.0039438	0.0038472	0.0015386	0.001655	TRUE	0.998401928635211	1693	545
SAMN03863488	5e+06	992532	0.100793	0.1845312	2.58e-05	0.0219698	0.2813782	0.0244362	0.0044448	0.246933	0.0001624	0.0037102	3.24e-05	0.096936	0.0018698	0.008974	0.0023794	0.003681	0.0026866	0.0020694	0.005085	0.004464	0.0017206	0.0017172	TRUE	0.998670117301198	1871	340
SAMN03863489	5e+06	1074502	0.1141896	0.2282602	4.8e-05	0.0117974	0.2884156	0.019308	0.005645	0.2013354	0.000204	0.0060798	5.86e-05	0.0766524	0.0023718	0.0131134	0.0033586	0.0050842	0.0035696	0.0023494	0.0071616	0.0061474	0.0021936	0.0026564	TRUE	0.998576359947243	2053	632
SAMN03863490	5e+06	1045030	0.1617714	0.211855	3.52e-05	0.012828	0.3112712	0.0199424	0.0066232	0.1624166	0.0001926	0.0066322	5.16e-05	0.0448286	0.0028568	0.0157886	0.0043234	0.0064484	0.0049486	0.0031094	0.0097308	0.0081302	0.0029996	0.0032162	TRUE	0.998676395374837	2060	519
SAMN03863491	5e+06	1125706	0.1190944	0.1981324	5.02e-05	0.0174402	0.3367174	0.0181222	0.0049814	0.1841248	0.0002486	0.0038472	5.1e-05	0.0692938	0.0022416	0.0165728	0.0029168	0.0044142	0.0031952	0.0021156	0.006354	0.0056486	0.0021334	0.0023042	TRUE	0.998662973757816	2251	614
SAMN03863492	5e+06	918535	0.0922744	0.2810074	3.08e-05	0.0271764	0.2702114	0.0152144	0.0052456	0.2045506	0.0002018	0.0048124	5.26e-05	0.0635578	0.0021844	0.0118402	0.0017772	0.0032308	0.0025558	0.0016362	0.0047742	0.005006	0.001238	0.0014216	TRUE	0.998678072057656	1786	443
SAMN03863493	5e+06	839635	0.1034858	0.180849	2.46e-05	0.0163136	0.1839792	0.0285718	0.003026	0.2956634	0.000154	0.002832	3.02e-05	0.1572654	0.0012872	0.0080692	0.0018306	0.0025624	0.0017152	0.001743	0.0035546	0.004012	0.0014826	0.0015482	TRUE	0.9980986981137	1749	381
SAMN03863494	5e+06	891613	0.1073258	0.1833118	1.84e-05	0.0027094	0.2090468	0.025188	0.0031744	0.2920608	0.0001524	0.0028822	3.24e-05	0.1400208	0.0013668	0.0137634	0.0017686	0.0027984	0.0019074	0.0016168	0.0038532	0.0038102	0.0016034	0.0015886	TRUE	0.998268330345167	1810	640
SAMN03863495	5e+06	982361	0.1103992	0.2164696	3.72e-05	0.0103248	0.2478986	0.0234532	0.0049106	0.2495934	0.0002064	0.0031016	2.88e-05	0.0923456	0.0021652	0.0118834	0.0027446	0.0043716	0.0030726	0.002162	0.005897	0.004855	0.0020952	0.0019844	TRUE	0.998439684612983	1934	408
SAMN03863496	5e+06	1050628	0.0747232	0.1793792	1.74e-05	0.0088066	0.2973236	0.0265868	0.002531	0.2785122	0.0001714	0.0031788	3.06e-05	0.1055048	0.0011338	0.0106472	0.0009702	0.001566	0.0012242	0.0009844	0.0023132	0.0023268	0.0010304	0.0010382	TRUE	0.998640538457089	2021	583
SAMN03863497	5e+06	998823	0.1353988	0.2346322	3.34e-05	0.00598	0.2491272	0.0194672	0.0051338	0.2078776	0.0001874	0.005423	5.68e-05	0.0903074	0.0023344	0.0120728	0.003105	0.0046438	0.0034324	0.0022126	0.0070446	0.006487	0.002286	0.0027566	TRUE	0.998519631738325	1844	601
SAMN03863498	5e+06	1069137	0.1169134	0.2149438	2.96e-05	0.0118518	0.3174	0.0185236	0.0047374	0.1804516	0.0001814	0.0058214	4.84e-05	0.0799474	0.0022766	0.0172916	0.0029604	0.004503	0.0031928	0.002122	0.0065724	0.005756	0.00207	0.0024054	TRUE	0.998693761814745	2073	280
SAMN03863499	5e+06	972501	0.1500614	0.2245264	3.92e-05	0.0203486	0.2041066	0.019036	0.0060398	0.2216072	0.0001656	0.0030812	4.96e-05	0.1003436	0.0025198	0.0115418	0.0037568	0.0058526	0.003872	0.0026128	0.0079918	0.0070916	0.002513	0.0028426	TRUE	0.998166644292737	1871	553
SAMN03863500	5e+06	1051422	0.1321564	0.2013806	3.06e-05	0.012255	0.2623456	0.017304	0.005117	0.2161526	0.0001806	0.0032508	4.84e-05	0.0888278	0.0022364	0.027376	0.0031592	0.0048398	0.0034216	0.0022178	0.0070258	0.0060316	0.0021302	0.0025122	TRUE	0.998531707793079	1926	403
SAMN03863501	5e+06	1036137	0.122475	0.1452808	3.32e-05	0.0055992	0.2768976	0.0260078	0.004012	0.2469318	0.0001324	0.0024632	2.74e-05	0.1308868	0.0017812	0.010494	0.0028808	0.0041732	0.002734	0.002093	0.0056796	0.0050946	0.0021714	0.002151	TRUE	0.998548199767712	2010	228
SAMN03863502	5e+06	814470	0.100802	0.2492626	2.66e-05	0.0204064	0.162376	0.0272892	0.003811	0.2677706	0.0002918	0.0060272	3.98e-05	0.1266606	0.0014716	0.0129874	0.0020328	0.0029394	0.002063	0.0020104	0.0042168	0.004127	0.0016176	0.0017702	TRUE	0.997818643149234	1771	518
SAMN03863503	5e+06	1150025	0.1137152	0.217353	5.04e-05	0.0162312	0.3377608	0.0204364	0.0057934	0.17554	0.00021	0.0042896	4.22e-05	0.0633722	0.00273	0.0109248	0.0031558	0.0050342	0.003717	0.00244	0.0071474	0.0055976	0.002276	0.0021828	TRUE	0.998775464766782	2068	353
SAMN03863504	5e+06	927421	0.2037632	0.1970298	2.56e-05	0.0256174	0.238403	0.0185714	0.0053476	0.1731456	0.000154	0.0044672	4.46e-05	0.0800546	0.0023964	0.009427	0.0043432	0.0058114	0.0043012	0.0031588	0.0088116	0.0087368	0.0031868	0.0032028	TRUE	0.99848240164763	1809	405
SAMN03863505	5e+06	1047113	0.0851262	0.233385	1.9e-05	0.016722	0.3069266	0.0179594	0.0039794	0.2292558	0.000194	0.003427	4.72e-05	0.0726294	0.0017044	0.010812	0.0014452	0.0025824	0.0018958	0.001247	0.00366	0.0043202	0.001029	0.001633	TRUE	0.998747583298417	1922	333
SAMN03863506	5e+06	976034	0.1215236	0.1454184	2.68e-05	0.0028844	0.263452	0.0166576	0.004627	0.29988	0.000114	0.0033098	3.34e-05	0.0896676	0.0019098	0.0228322	0.0027536	0.0040052	0.0039108	0.0019054	0.0056956	0.005342	0.001865	0.0021858	TRUE	0.998513581221627	1958	552
SAMN03863507	5e+06	969332	0.1100758	0.1691366	2.34e-05	0.0101272	0.2330932	0.0270438	0.003774	0.2722984	0.0001336	0.002612	3.08e-05	0.1368218	0.0016344	0.0095754	0.0024442	0.003565	0.0024594	0.0019284	0.0047546	0.0047396	0.0018686	0.0018598	TRUE	0.998441824986743	1816	378
SAMN03863508	5e+06	1027871	0.1136356	0.177909	2.24e-05	0.0094118	0.2843688	0.0247472	0.0040884	0.2481918	0.0001564	0.0030928	3.86e-05	0.0984376	0.001878	0.0090416	0.0024872	0.0038304	0.0026872	0.0018398	0.005317	0.0047756	0.0019776	0.0020652	TRUE	0.998695356171282	1855	504
SAMN03863509	5e+06	1005004	0.108366	0.156759	2.84e-05	0.01821	0.2740906	0.025714	0.0035876	0.257302	0.000149	0.0028578	3e-05	0.1175866	0.001698	0.010788	0.0023588	0.0034354	0.0023382	0.0018964	0.0048606	0.0042448	0.0018854	0.0018134	TRUE	0.99854719570828	1991	504
SAMN03863510	4405517	796470	0.0997508351460226	0.160525995019427	1.61161561741789e-05	0.0202241870817886	0.209385186801004	0.0273679570411373	0.00350810131932302	0.304701128153631	0.000139597690804507	0.00251207747013574	2.6784597585255e-05	0.141893902577155	0.0014931278213204	0.00866481731883	0.00199976529428896	0.00303596603985412	0.00205673931118641	0.00163930816746366	0.00411484055106359	0.00382134491820143	0.00150947096560971	0.00161275055799353	TRUE	0.998121307387934	1733	610
SAMN03863511	5e+06	1092288	0.1232776	0.218128	4.72e-05	0.0098622	0.3454678	0.0182444	0.0066402	0.1668036	0.0001858	0.0052778	5.34e-05	0.0548294	0.0028996	0.0097496	0.0042262	0.0063228	0.004436	0.0027056	0.0087802	0.0065216	0.0025292	0.0030118	TRUE	0.998781941471825	2104	787
SAMN03863512	5e+06	931685	0.0960466	0.1574738	1.74e-05	0.007917	0.2317536	0.0263588	0.0032434	0.316968	0.0001308	0.0021472	2.72e-05	0.1299438	0.0014548	0.0076122	0.001872	0.0028618	0.001961	0.001525	0.0038948	0.0035944	0.0016094	0.001587	TRUE	0.998474241608329	1768	648
SAMN03863513	5e+06	1097405	0.123033	0.2358208	8.68e-05	0.00562	0.3232562	0.0181208	0.0068892	0.1604368	0.00025	0.0077156	5.52e-05	0.0568606	0.003102	0.0184328	0.0040596	0.0061082	0.004456	0.0029438	0.0088682	0.0079732	0.002795	0.0031162	TRUE	0.998633900912032	2208	486
SAMN03863514	5e+06	1173968	0.204591	0.1508386	8.48e-05	0.0029376	0.3728614	0.017599	0.0086648	0.1182326	0.000155	0.0064068	4.8e-05	0.034004	0.0038324	0.019473	0.0065	0.0090726	0.0065708	0.0046476	0.014499	0.0108884	0.0041476	0.003945	TRUE	0.998695493821565	2432	431
SAMN03863515	5e+06	1033802	0.111238	0.2592354	3.42e-05	0.0106234	0.2804408	0.019129	0.0063492	0.1931248	0.0001934	0.0042888	5.28e-05	0.0676176	0.0026812	0.013201	0.0032024	0.0051178	0.0036442	0.0022442	0.0071634	0.0060028	0.001954	0.0024616	TRUE	0.998590076764864	1977	574
SAMN03863516	5e+06	1073825	0.0951818	0.1828216	5.42e-05	0.0066654	0.3464274	0.0155586	0.0041668	0.2140268	0.000194	0.004499	4.22e-05	0.078003	0.0019966	0.0262402	0.002461	0.003241	0.0023612	0.0018938	0.0050076	0.0054928	0.0018404	0.0018246	TRUE	0.9987310472555	2198	444
SAMN03863517	5e+06	1047950	0.1033	0.1511286	2.4e-05	0.011879	0.2610146	0.0244724	0.00311	0.2735972	0.000151	0.0029252	2.96e-05	0.1323354	0.001408	0.0149628	0.001921	0.0028502	0.0020106	0.0017456	0.0039066	0.0040398	0.001543	0.0016454	TRUE	0.99843227160473	2046	514
SAMN03863518	5e+06	1007916	0.1263152	0.1944788	2.92e-05	0.0187196	0.2750518	0.0228436	0.0056502	0.2190088	0.0001628	0.0035094	3.22e-05	0.08835	0.0025018	0.0107168	0.0034618	0.0054118	0.0036436	0.0024804	0.0072538	0.0055514	0.0024204	0.0024066	TRUE	0.998574086772019	1961	328
SAMN03863519	5e+06	906495	0.1102694	0.1501494	2.32e-05	0.003795	0.2276418	0.0262604	0.0034218	0.3136316	0.0001262	0.002293	1.98e-05	0.12917	0.0015736	0.0092516	0.002308	0.0033	0.0022208	0.0019886	0.0045252	0.0044194	0.0017912	0.00182	TRUE	0.998455468196087	1758	791
SAMN03863520	5e+06	977673	0.0734228	0.1616854	1.5e-05	0.0205144	0.2648686	0.0258868	0.0023724	0.307443	0.0001466	0.0029102	1.98e-05	0.1152576	0.0011218	0.013135	0.0009436	0.0015302	0.0011264	0.0009868	0.0021536	0.002394	0.0010078	0.0010582	TRUE	0.998526061601866	1952	493
SAMN03863521	5e+06	1077889	0.116761	0.2594866	7.02e-05	0.0147068	0.3057442	0.0196136	0.007506	0.1556472	0.000282	0.007467	6.3e-05	0.0576814	0.003304	0.0118196	0.0041348	0.0062826	0.0047366	0.0029126	0.0090112	0.007243	0.00262	0.0029066	TRUE	0.998577896162871	2174	532
SAMN03863522	5e+06	1067524	0.1070108	0.224575	4.42e-05	0.004171	0.3267312	0.0185354	0.0047728	0.1904682	0.0002182	0.0068658	4.94e-05	0.070538	0.0022184	0.0159762	0.0027852	0.0041132	0.0029858	0.0021296	0.0060928	0.0054902	0.0019252	0.0023034	TRUE	0.998752491344567	2038	470
SAMN03863523	5e+06	1131905	0.1116544	0.2103638	4.26e-05	0.0092442	0.3165708	0.0183418	0.0057794	0.2030014	0.0001796	0.0033164	5.16e-05	0.0703026	0.0024788	0.0163844	0.0033972	0.0050462	0.0034932	0.0022578	0.0069648	0.0062202	0.0020844	0.0028244	TRUE	0.998618950326436	2186	491
SAMN03863524	5e+06	1067228	0.1329784	0.2434484	4.08e-05	0.0107156	0.2865144	0.0176154	0.0068524	0.1785498	0.000164	0.0038938	5.62e-05	0.0650406	0.003037	0.0118196	0.004159	0.0065408	0.0044552	0.0027572	0.0088758	0.0068206	0.0026716	0.0029934	TRUE	0.998599023295164	2007	526
SAMN03863525	5e+06	914909	0.1127028	0.1555006	1.7e-05	0.0113608	0.2104494	0.0278416	0.003311	0.2807038	0.000136	0.0023686	3.04e-05	0.1652702	0.0014074	0.0083544	0.0021054	0.0030862	0.0019878	0.0017178	0.0040846	0.0041502	0.0016818	0.0017322	TRUE	0.998288424675955	1801	552
SAMN03863526	5e+06	884786	0.118852	0.213018	3.06e-05	0.0101156	0.1955566	0.0262116	0.004726	0.2629286	0.000167	0.003551	3.46e-05	0.1255072	0.0020422	0.009042	0.0029158	0.0044496	0.0030084	0.0023618	0.0058772	0.005383	0.0020822	0.002139	TRUE	0.99814478263582	1814	403
SAMN03863527	5e+06	969936	0.098631	0.2271768	3.12e-05	0.0079546	0.2458094	0.0255512	0.0041828	0.2433342	0.0002828	0.0050126	3.6e-05	0.1071364	0.0018362	0.009868	0.0023524	0.0035896	0.0024514	0.0020796	0.0048536	0.004357	0.0017044	0.0017688	TRUE	0.998432932182414	1926	465
SAMN03863528	5e+06	948228	0.072323	0.173511	1.28e-05	0.0121512	0.2556452	0.026242	0.002303	0.3018686	0.0001406	0.0031306	2.56e-05	0.1291172	0.0011218	0.0118432	0.0008432	0.001346	0.0010866	0.0010314	0.0019412	0.002443	0.0008934	0.0009794	TRUE	0.998529993913439	1879	311
SAMN03863529	3753955	708674	0.10137441711475	0.144736684376877	3.30318290975784e-05	0.00657946086194427	0.236416259651488	0.0261225827160954	0.00309966422080179	0.30956071663086	0.000146512145190872	0.00294755797552182	2.13108574823087e-05	0.134884408577087	0.00147258025202753	0.0125654143430062	0.00203944906105694	0.00288602287454165	0.00205676413276131	0.00173763404196374	0.00410287283678147	0.00391693560524833	0.00158712611099494	0.00171259378442203	TRUE	0.998127315503394	1662	364
SAMN03863530	5e+06	1200783	0.1197226	0.2154904	4.26e-05	0.0113498	0.353697	0.0190556	0.006885	0.1598814	0.0001966	0.0055926	5.42e-05	0.0497586	0.0030464	0.0166828	0.0040984	0.0062964	0.0045446	0.0027462	0.0087928	0.006563	0.0024576	0.0030454	TRUE	0.998723766387614	2257	471
SAMN03863531	5e+06	1017260	0.1646078	0.1892566	3.82e-05	0.006318	0.3064778	0.0168908	0.0056772	0.1776268	0.0001542	0.0051104	4.32e-05	0.072198	0.002568	0.0129306	0.004113	0.005746	0.0046442	0.0029484	0.0087584	0.008098	0.0028532	0.0029412	TRUE	0.998679186551196	2024	411
SAMN03863532	5e+06	1021402	0.0854474	0.261113	1.88e-05	0.0224804	0.2982702	0.0165836	0.004745	0.2074132	0.0001974	0.003636	5.58e-05	0.0673906	0.0020214	0.0096626	0.0015734	0.0028304	0.002245	0.0015246	0.0042396	0.0058864	0.0011044	0.0015608	TRUE	0.998734704305023	1887	354
SAMN03863533	5e+06	1005354	0.1234306	0.207261	3.58e-05	0.004578	0.2514238	0.0178528	0.0059472	0.2462718	0.0001608	0.0032008	4.36e-05	0.0890142	0.0024744	0.0134828	0.0035112	0.0053068	0.0038512	0.0024678	0.007413	0.0071374	0.0021874	0.0029476	TRUE	0.998513267240412	1869	590
SAMN03863534	5e+06	913973	0.1114068	0.1683662	2.22e-05	0.010398	0.1888558	0.0256256	0.003429	0.3098428	0.0001318	0.0021348	2.78e-05	0.146492	0.0014676	0.0096654	0.0021196	0.003141	0.0021412	0.0019152	0.0042702	0.0049098	0.0016956	0.0019416	TRUE	0.998132967057406	1763	546
SAMN03863535	5e+06	912332	0.1205446	0.1871584	2.2e-05	0.0146288	0.227233	0.02404	0.0042306	0.2568566	0.0001426	0.0029342	3.38e-05	0.1256458	0.0018556	0.0086726	0.0027336	0.003994	0.0027416	0.0021716	0.0055116	0.0048468	0.0019846	0.0020176	TRUE	0.99844300783777	1769	610
SAMN03863536	5e+06	902123	0.1003162	0.1373376	1.58e-05	0.0031016	0.2048942	0.0278156	0.00239	0.3356148	0.000125	0.0021236	2.16e-05	0.146784	0.001217	0.0204252	0.0016094	0.0022124	0.0020284	0.0015904	0.0033408	0.0037632	0.0015242	0.001749	TRUE	0.998258613469781	1784	475
SAMN03863537	5e+06	1090226	0.1220384	0.2241814	4.62e-05	0.0066234	0.2973272	0.0187578	0.0068366	0.1921402	0.0002172	0.006118	5.76e-05	0.0720622	0.0028608	0.0122598	0.00412	0.0062304	0.0043316	0.0029458	0.008523	0.0069874	0.0024692	0.0028658	TRUE	0.998558490444198	2143	266
SAMN03863538	5e+06	852695	0.150633	0.2773134	3.46e-05	0.011436	0.2077362	0.0201854	0.0055838	0.1713928	0.0002414	0.0080874	5.18e-05	0.0929558	0.0021772	0.0187384	0.0034102	0.0047958	0.0037472	0.0024214	0.0073694	0.006885	0.0023962	0.0024076	TRUE	0.998112028620914	1961	447
SAMN03863539	5e+06	1031369	0.0770682	0.2541286	2.2e-05	0.0227258	0.3059862	0.0191222	0.0041344	0.2153896	0.000229	0.0044686	4.64e-05	0.0660884	0.0017496	0.0122304	0.0013858	0.0024466	0.001889	0.0010932	0.0035562	0.003683	0.0009552	0.0016016	TRUE	0.998732622582326	1939	248
SAMN03863540	5e+06	946569	0.1062172	0.2055548	2.96e-05	0.0084584	0.247332	0.0233588	0.0046982	0.2642326	0.0001956	0.003094	3.36e-05	0.097534	0.0022076	0.0110118	0.0026274	0.004124	0.0029626	0.0020042	0.0055764	0.0048042	0.0020346	0.0019084	TRUE	0.998499183284007	1856	355
SAMN03863541	5e+06	930578	0.1114036	0.1940826	4.04e-05	0.0079172	0.2517644	0.0240454	0.0044874	0.2596586	0.000175	0.0032212	3.16e-05	0.1055824	0.0020586	0.0095034	0.00275	0.004165	0.002873	0.0020368	0.0056614	0.004456	0.0020904	0.0019956	TRUE	0.99854467112904	1832	513
SAMN03863542	5e+06	944955	0.1046002	0.1830064	2.06e-05	0.016942	0.2242734	0.0280036	0.0036316	0.2756552	0.0001506	0.0033544	2.78e-05	0.127305	0.001591	0.011178	0.002084	0.0031224	0.002128	0.0014558	0.0042586	0.0037334	0.0016722	0.0018058	TRUE	0.998353794966322	1846	388
SAMN03863543	5e+06	1009970	0.0765146	0.2791644	2.38e-05	0.021503	0.277741	0.0229132	0.0048518	0.209096	0.0002208	0.004676	5.16e-05	0.0700164	0.0018436	0.013409	0.0016086	0.0028774	0.0020484	0.0011528	0.003959	0.0035492	0.0010484	0.001731	TRUE	0.998545407411941	2020	430
SAMN03863544	3987083	788302	0.0997656682843071	0.180967388940737	1.90615545249497e-05	0.00784408049694476	0.253009531028072	0.0264812646237864	0.00403603336073014	0.282469665166238	0.00016553455245351	0.00321187193745402	2.85923317874245e-05	0.103549637667438	0.00183492543295437	0.0138815770827946	0.00234206310728921	0.00353867727358573	0.00248627881586614	0.00165233580539959	0.00483235488200271	0.00419228794584913	0.00178401101757852	0.00190715869220681	TRUE	0.998251335785164	1764	394
SAMN03863545	4608769	825864	0.0988849734061308	0.160536794098381	1.49714598410118e-05	0.00688817339293855	0.206461638671845	0.0258385699087978	0.00300731062893367	0.322099892617747	0.000153186241271802	0.00279879507955378	2.25656786009453e-05	0.144600651497179	0.0014131756223842	0.00909461940921752	0.00181523526130296	0.00267186313742346	0.00194281813646985	0.00155638089042866	0.00375024220133402	0.00352306657157258	0.00151906072966556	0.00140601535898198	TRUE	0.998286976608298	1630	358
SAMN03863546	5e+06	997234	0.123618	0.257709	3.74e-05	0.0063864	0.2667554	0.0183664	0.0063802	0.1833574	0.0001912	0.0058112	5.4e-05	0.0825564	0.0027458	0.0106444	0.003495	0.0055538	0.0040044	0.0024568	0.0076826	0.0073448	0.0022542	0.0025952	TRUE	0.998574724260502	1901	383
SAMN03863547	5e+06	1122374	0.1969532	0.1827898	4.52e-05	0.0129034	0.312025	0.0193984	0.0084706	0.143111	0.0001686	0.004746	4.88e-05	0.0441998	0.003763	0.0104368	0.006694	0.0093146	0.0071114	0.0044552	0.0136828	0.0112068	0.004194	0.0042816	TRUE	0.998643698421601	2116	316
SAMN03863548	5e+06	1064764	0.1058182	0.1524394	2.12e-05	0.0228988	0.2843242	0.0236922	0.004283	0.2605252	0.0001354	0.0025912	3.04e-05	0.1070372	0.0018448	0.008932	0.0026644	0.004039	0.002714	0.0019386	0.005303	0.0048674	0.001865	0.0020354	TRUE	0.998595968967819	1996	251
SAMN03863549	5e+06	983701	0.0964012	0.1847112	2.32e-05	0.006209	0.2576318	0.0250932	0.0037516	0.2800378	0.0001492	0.0031684	2.78e-05	0.109459	0.0017454	0.0103338	0.0020922	0.0032424	0.0023612	0.0017604	0.0044684	0.0041056	0.001626	0.0016012	TRUE	0.99851415857825	1914	389
SAMN03863550	5e+06	1030099	0.0775542	0.185039	4.88e-05	0.030198	0.3033636	0.0259282	0.0031634	0.2522968	0.0001908	0.0034658	2.56e-05	0.0900484	0.0015916	0.0118422	0.0013828	0.0022112	0.0016884	0.0012428	0.0031506	0.0029416	0.001337	0.0012892	TRUE	0.998641893753898	2060	502
SAMN03863551	5e+06	965624	0.1205364	0.2481934	6.54e-05	0.0038388	0.2424756	0.019357	0.006142	0.2116212	0.0002012	0.0062892	5.12e-05	0.0872384	0.002709	0.0145548	0.0036874	0.005387	0.0038532	0.0026114	0.00793	0.0079366	0.0025066	0.0028142	TRUE	0.998412211373021	1925	542
SAMN03863552	5e+06	968054	0.152749	0.214671	3.04e-05	0.0072152	0.2439118	0.0203812	0.0050684	0.2109738	0.0001706	0.0057468	4.44e-05	0.0911552	0.0022094	0.0115582	0.003331	0.0048182	0.0037628	0.002574	0.0075108	0.0073172	0.0023314	0.0024692	TRUE	0.998498637622288	1831	302
SAMN03863553	5e+06	1031777	0.0796648	0.2407042	1.56e-05	0.0072814	0.2926156	0.019075	0.0039304	0.2384742	0.000184	0.0038538	4.92e-05	0.0825242	0.0016288	0.0135482	0.0013422	0.0023848	0.001735	0.0011038	0.0032964	0.0041174	0.000933	0.001538	TRUE	0.99863301888211	2000	410
SAMN03863554	5e+06	1112890	0.1050944	0.231077	0.0001308	0.0198676	0.3252442	0.0189016	0.006233	0.170052	0.0002778	0.007254	6.4e-05	0.047873	0.0031748	0.0216998	0.0041702	0.0052302	0.0039708	0.003036	0.0090222	0.010637	0.0037466	0.003243	TRUE	0.998630567432102	2227	468
SAMN03863555	5e+06	755562	0.1151954	0.2228594	2.92e-05	0.108702	0.158795	0.0218948	0.0052916	0.2253156	0.0001584	0.0027892	3.02e-05	0.1021212	0.002147	0.0074476	0.0027686	0.0044686	0.0030208	0.002274	0.0055842	0.0054196	0.0018558	0.0018318	TRUE	0.997901697156712	1666	433
SAMN03863556	5e+06	868785	0.1098134	0.2047344	1.74e-05	0.0113696	0.1988982	0.0243968	0.0033948	0.2756618	0.0001476	0.0028808	3.48e-05	0.1324668	0.0015392	0.012658	0.002061	0.0031106	0.002127	0.0019846	0.0043752	0.0048008	0.0017118	0.0018154	TRUE	0.998283544044139	1707	555
SAMN03863557	5e+06	955221	0.094301	0.2002918	2.02e-05	0.0013718	0.2253936	0.0211066	0.0032302	0.2865502	0.0001834	0.0021508	2.5e-05	0.132035	0.0014252	0.0118796	0.0018286	0.0029374	0.0020964	0.0017144	0.0040688	0.0042272	0.0016	0.0015628	TRUE	0.998393033342562	1811	544
SAMN03863558	5e+06	1023993	0.1146814	0.2379196	4.26e-05	0.0133764	0.2768068	0.022314	0.006306	0.2096824	0.0002054	0.0042468	3.84e-05	0.067377	0.0028796	0.0099198	0.0035086	0.0057276	0.0040524	0.0024926	0.0077958	0.0057608	0.0024532	0.0024128	TRUE	0.998624311252469	1904	719
SAMN03863559	5e+06	1015220	0.112191	0.1628226	1.9e-05	0.0127668	0.2594042	0.0247122	0.0035428	0.2671272	0.0001268	0.0025422	2.9e-05	0.12094	0.0015792	0.0095264	0.0023576	0.0033696	0.0023042	0.0017176	0.004659	0.0044488	0.0018116	0.0020022	TRUE	0.998534333676941	1901	595
SAMN03863560	5e+06	1035198	0.1138204	0.2243734	2.94e-05	0.0030418	0.2585528	0.0182508	0.0050802	0.2329306	0.0001794	0.004168	4.16e-05	0.0955252	0.0020332	0.0140506	0.0028206	0.0041604	0.0030322	0.001972	0.0059882	0.0056852	0.0018234	0.0024406	TRUE	0.998456021361981	1996	403
SAMN03863561	3698246	740474	0.115515301037303	0.190024946961343	3.19070175429109e-05	0.0340983266121291	0.26191497266542	0.0227451067343817	0.00562374704116492	0.237577489436884	0.000160346283075815	0.003164473104277	2.78510407366087e-05	0.0851838952844132	0.00255093901271035	0.00934091458491404	0.00338782222707738	0.00520435903939327	0.00359846262255134	0.00235976730590664	0.00703198218831305	0.00577922615207317	0.00229351968473703	0.00238464396365196	TRUE	0.998244936642213	1700	448
SAMN03863562	5e+06	952711	0.1231152	0.3127244	5.54e-05	0.004656	0.2400986	0.0174158	0.0073056	0.164796	0.0002282	0.0066906	5.58e-05	0.0715974	0.0030716	0.0093292	0.003599	0.0058872	0.004487	0.0028404	0.0085	0.0085536	0.0023416	0.0026514	TRUE	0.998458133450174	1851	659
SAMN03863563	5e+06	1042132	0.153543	0.211284	3.02e-05	0.0090182	0.3182672	0.0184452	0.0057442	0.1627696	0.0001952	0.0062606	4e-05	0.062841	0.0024778	0.011478	0.00374	0.0054352	0.0044216	0.0027178	0.0083082	0.0076602	0.0025598	0.002763	TRUE	0.998748850022874	1991	512
SAMN03863564	5e+06	1056462	0.0841842	0.2288094	1.62e-05	0.0057848	0.3188326	0.0163086	0.0035324	0.2241266	0.0001722	0.0036322	4.84e-05	0.0847306	0.0015794	0.0118336	0.0013058	0.0023426	0.0017468	0.0011776	0.0033542	0.0040392	0.0010004	0.0014422	TRUE	0.998782433163986	1941	445
SAMN03863565	5e+06	995899	0.102167	0.1634234	1.76e-05	0.0120068	0.2491276	0.0261558	0.003688	0.2764564	0.000145	0.0026182	2.9e-05	0.1291146	0.0016342	0.0117874	0.002261	0.0032602	0.0022532	0.001768	0.00441	0.004255	0.00164	0.0017816	TRUE	0.998430523153597	1955	324
SAMN03863566	5e+06	849477	0.090092	0.1737926	1.28e-05	0.0076296	0.1809404	0.0297152	0.002997	0.3339174	0.0001348	0.002415	2.3e-05	0.1516434	0.0013362	0.0092014	0.00154	0.0022868	0.0016406	0.0015546	0.0031802	0.0033612	0.001281	0.0013048	TRUE	0.998096610817706	1722	568
SAMN03863567	5e+06	993038	0.121517	0.2449702	3.8e-05	0.0148342	0.2538316	0.0200636	0.0061608	0.1960428	0.0002002	0.0062614	5.3e-05	0.0870094	0.0026858	0.0133538	0.0034572	0.0053878	0.0036952	0.0022886	0.0073394	0.0061488	0.0021746	0.0024866	TRUE	0.998436758859023	1984	304
SAMN03863568	5e+06	942822	0.1949982	0.199314	3.2e-05	0.0038876	0.2393944	0.0185684	0.005823	0.187178	0.0001624	0.0051122	3.88e-05	0.082255	0.002605	0.019499	0.0042314	0.0058924	0.0046426	0.0030988	0.008984	0.008269	0.0030338	0.00298	TRUE	0.998426863786287	1883	427
SAMN03863569	5e+06	991505	0.121307	0.2682556	4.32e-05	0.0089612	0.2344646	0.020189	0.006844	0.2119804	0.0002054	0.004216	6.54e-05	0.0739724	0.0029218	0.010914	0.0035678	0.0057634	0.003982	0.0024504	0.0080804	0.0068652	0.002229	0.0027218	TRUE	0.998400611435586	1875	310
SAMN03863570	5e+06	1020942	0.1590174	0.208014	3.66e-05	0.015752	0.256223	0.017688	0.0059802	0.2079754	0.0001552	0.003349	4.66e-05	0.0742354	0.0024994	0.0112496	0.003801	0.005593	0.0042924	0.0027118	0.0083488	0.0076292	0.002559	0.002843	TRUE	0.998569995667836	1832	282
SAMN03863571	5e+06	875040	0.0967416	0.1990136	2.94e-05	0.0420022	0.1757314	0.02873	0.0038382	0.278182	0.0005192	0.0032474	3.46e-05	0.1420482	0.0013882	0.0090042	0.0020422	0.0028088	0.0019958	0.0015748	0.0037146	0.0041998	0.0014646	0.0016892	TRUE	0.997775013458039	1955	253
SAMN03863572	5e+06	862429	0.1037234	0.2477892	3.02e-05	0.0181958	0.2034726	0.0233886	0.0040528	0.2480328	0.0002082	0.0038904	4.1e-05	0.1116414	0.0017238	0.011069	0.0021324	0.0032286	0.002372	0.0020352	0.0045892	0.0050164	0.001654	0.001713	TRUE	0.998213027208578	1818	487
SAMN03863573	5e+06	1181301	0.093604	0.1522626	2.26e-05	0.01235	0.3354448	0.0228218	0.003106	0.2416236	0.0001472	0.002598	2.38e-05	0.1015212	0.0014802	0.0142746	0.0019036	0.0027364	0.0020254	0.0014286	0.0039696	0.003631	0.0015412	0.0014838	TRUE	0.99879264785145	2025	564
SAMN03863574	5e+06	948682	0.0912098	0.2460618	2.34e-05	0.013318	0.2548278	0.0180418	0.0045042	0.2381426	0.0002146	0.0047518	4.58e-05	0.0904352	0.001951	0.0155288	0.0017532	0.002638	0.0022724	0.001592	0.0040762	0.0058692	0.0012514	0.001491	TRUE	0.998511936295804	1896	497
SAMN03863575	5e+06	871919	0.1078084	0.1751004	1.92e-05	0.0086674	0.185305	0.0291736	0.0030148	0.2943366	0.0001652	0.0029972	3.1e-05	0.1618702	0.001339	0.011578	0.001907	0.0026658	0.0018376	0.0014504	0.0035994	0.0039282	0.001563	0.0016426	TRUE	0.998098270419039	1762	339
SAMN03863576	5e+06	960231	0.1162098	0.1510316	3.66e-05	0.0019828	0.2505072	0.0262684	0.0030496	0.2644964	0.000165	0.0037174	2.8e-05	0.1390346	0.001494	0.0191752	0.0023136	0.0030946	0.0024008	0.0018944	0.0046626	0.0045134	0.0019988	0.0019252	TRUE	0.998463118026149	1925	590
SAMN03863577	5e+06	949045	0.0768566	0.1965328	7.74e-05	0.0200234	0.2672152	0.023963	0.002816	0.2628218	0.0001858	0.0032938	3.2e-05	0.118319	0.0014932	0.011053	0.0013582	0.0019334	0.0015002	0.0014894	0.0029958	0.0036586	0.0012686	0.0011128	TRUE	0.998556219855757	1929	423
SAMN03863578	5e+06	1028835	0.1224584	0.1802396	2.76e-05	0.0041246	0.2602758	0.0188718	0.004484	0.2461828	0.0001632	0.0031356	4.66e-05	0.107118	0.0019154	0.0241944	0.0027316	0.003877	0.0028746	0.0019038	0.0057014	0.0053622	0.001872	0.0024396	TRUE	0.998483915907664	1973	586
